2 0.18009153318077803 0.47006289308176097 0.26855835240274595 0.39451257861635214
2 0.4152173913043478 0.4716037735849057 0.19974828375286047 0.397562893081761
2 0.6248970251716247 0.4716037735849057 0.21741418764302056 0.397562893081761
2 0.8535469107551488 0.4716037735849057 0.23736842105263162 0.397562893081761
0 0.5026315789473683 0.7452201257861635 0.8678489702517163 0.043333333333333245
1 0.1611212814645309 0.7755974842767295 0.19501144164759726 0.0377044025157233
4 0.3705720823798627 0.7786163522012578 0.21496567505720823 0.029622641509434014
3 0.6061556064073226 0.7778616352201259 0.2981006864988558 0.03114779874213828
0 0.501670480549199 0.8101729559748427 0.8608466819221968 0.029999999999999975
0 0.3667505720823798 0.8738993710691824 0.5910068649885583 0.028160377358490696
0 0.47810068649885584 0.9357547169811321 0.8187871853546912 0.03308176100628925
1 0.16336384439359267 0.8428616352201257 0.19947368421052628 0.02896226415094351
1 0.1388329519450801 0.9038522012578617 0.15041189931350113 0.035644654088050426
1 0.31363844393592677 0.969937106918239 0.18137299771167045 0.038333333333333504
4 0.50279176201373 0.9688522012578618 0.1895194508009153 0.030015723270440123
4 0.2945537757437071 0.9004245283018867 0.17887871853546913 0.03408805031446551
4 0.3783524027459954 0.839874213836478 0.23498855835240273 0.02940251572327051
3 0.5923798627002288 0.839874213836478 0.16798627002288322 0.02940251572327051
3 0.48544622425629286 0.9027201257861636 0.2038901601830664 0.029496855345911937
3 0.7148512585812357 0.9647955974842768 0.24343249427917618 0.031116352201257805