2 0.3141534988713318 0.4401557632398754 0.58313769751693 0.14510903426791272
2 0.308510158013544 0.5864174454828661 0.579390519187359 0.12870716510903427
2 0.670609480812641 0.4775077881619938 0.18623024830699775 0.37557632398753893
2 0.8540180586907449 0.48179127725856696 0.19564334085778773 0.3711682242990654
0 0.42927765237020316 0.7204828660436138 0.7682392776523702 0.08269470404984429
0 0.4971783295711061 0.8214485981308411 0.8401128668171559 0.07176012461059189
0 0.4153498871331828 0.8855607476635513 0.7178329571106095 0.07017133956386286
0 0.3984198645598194 0.9547196261682243 0.7065462753950339 0.06884735202492219
1 0.15970654627539504 0.7691433021806854 0.20277652370203156 0.04764797507788167
1 0.29401805869074493 0.8374143302180685 0.1779458239277652 0.0335981308411214
1 0.16553047404063206 0.8982710280373832 0.20316027088036118 0.03850467289719631
1 0.1664785553047404 0.9621183800623052 0.18623024830699775 0.031199376947040457
4 0.3639954853273138 0.7760280373831775 0.22760722347629794 0.03803738317757003
4 0.49887133182844245 0.8363707165109034 0.2528216704288939 0.04190031152647989
4 0.35835214446952596 0.8993146417445483 0.208803611738149 0.04057632398753887
4 0.36851015801354403 0.9648442367601245 0.2516930022573363 0.044439252336448555
3 0.5927313769751693 0.7687538940809969 0.2486907449209932 0.044267912772585606
3 0.7464334085778781 0.8313084112149534 0.28142212189616245 0.03956386292834905
3 0.5758013544018059 0.8980218068535825 0.2524379232505643 0.04317757009345799
3 0.588216704288939 0.9671806853582554 0.209548532731377 0.04392523364485988