2 0.10427752293577983 0.38107055961070563 0.1822935779816514 0.6086374695863747
2 0.30263761467889905 0.39639902676399025 0.19075688073394498 0.6358637469586375
2 0.4725229357798165 0.4024817518248175 0.1340596330275229 0.6236982968369829
2 0.5975114678899083 0.41445255474452564 0.1038990825688073 0.630243309002433
2 0.7340252293577982 0.4002189781021898 0.1426605504587157 0.6434793187347932
2 0.8998050458715596 0.39953771289537715 0.16458715596330273 0.5899756690997566
0 0.25655963302752294 0.78330900243309 0.4639449541284404 0.07841849148418496
1 0.16136467889908257 0.801338199513382 0.07530963302752296 0.048442822384428146
3 0.24384174311926604 0.7983941605839415 0.09282110091743119 0.039075425790754126
4 0.3445183486238532 0.8033090024330901 0.10412844036697246 0.038442822384428116
0 0.2527637614678899 0.8460097323600972 0.45574541284403675 0.0413625304136253
1 0.0484288990825688 0.884087591240876 0.05259174311926605 0.05055961070559604
3 0.11097477064220183 0.878661800486618 0.07119266055045873 0.05836982968369832
4 0.1950573394495413 0.8781021897810218 0.10993119266055047 0.05946472019464733
0 0.24056192660550463 0.9271532846715329 0.4384862385321101 0.04978102189781031
1 0.046077981651376144 0.9621411192214112 0.054426605504587146 0.04678832116788326
3 0.11128440366972478 0.9619464720194647 0.0734518348623853 0.05330900243308995
4 0.19336009174311927 0.9647688564476885 0.10326834862385323 0.06593673965936746
0 0.7040711009174312 0.7617761557177615 0.35633027522935784 0.042262773722627746
1 0.5485321100917431 0.79669099756691 0.05673165137614682 0.06690997566909976
3 0.6098967889908258 0.7944038929440389 0.07625000000000001 0.062335766423357676
4 0.6994151376146789 0.8003649635036496 0.11275229357798158 0.05343065693430666
0 0.6997821100917432 0.841581508515815 0.3821559633027523 0.0593917274939172
1 0.5454128440366973 0.8808272506082725 0.05868119266055041 0.05097323600973247
3 0.6071903669724771 0.884963503649635 0.0773738532110092 0.04880778588807773
4 0.6867889908256881 0.8796350364963503 0.089151376146789 0.06250608272506096
0 0.6744724770642202 0.918345498783455 0.3249999999999999 0.04605839416058382
1 0.5607454128440368 0.9559610705596107 0.08115825688073393 0.06221411192214124
3 0.6439449541284403 0.9592214111922142 0.10011467889908252 0.06180048661800481
4 0.7464678899082569 0.9681265206812651 0.11347477064220189 0.03788321167883224