2 0.12462486002239642 0.5628623853211009 0.23483762597984323 0.28902752293577977
2 0.36330347144456887 0.49130275229357795 0.2322844344904815 0.43425688073394486
2 0.6084658454647257 0.466954128440367 0.24748040313549832 0.16012844036697244
2 0.6065397536394177 0.6367889908256881 0.24363941769316902 0.16425688073394493
2 0.8646584546472564 0.5612844036697248 0.2495632698768196 0.31733944954128446
0 0.22643896976483763 0.765211009174312 0.3792945128779395 0.05412844036697248
0 0.16509518477043675 0.8406788990825689 0.2549944008958567 0.04781651376146779
0 0.17509518477043676 0.9136697247706422 0.2797984322508399 0.033889908256880784
0 0.7235610302351624 0.7695229357798165 0.3896976483762598 0.04966972477064229
0 0.7484434490481523 0.8401651376146789 0.4474468085106382 0.03627522935779813
1 0.06286674132138857 0.8020366972477064 0.06014557670772677 0.04128440366972477
1 0.06278835386338186 0.872532110091743 0.06159014557670772 0.04071559633027533
1 0.07319148936170213 0.9468256880733945 0.0791825307950728 0.04513761467889902
4 0.1486114221724524 0.8045137614678899 0.11006718924972007 0.03838532110091736
4 0.14765957446808511 0.8744954128440368 0.10814109742441208 0.03678899082568799
4 0.1717357222844345 0.9494495412844037 0.10989921612541992 0.029412844036697198
4 0.66501679731243 0.799137614678899 0.09982082866741332 0.04075229357798172
3 0.24763717805151175 0.8015045871559633 0.09374020156774916 0.04022018348623846
3 0.24692049272116462 0.872532110091743 0.08750279955207166 0.04071559633027533
3 0.27587905935050394 0.9495779816513761 0.09103023516237402 0.03754128440366979
3 0.77491601343785 0.8011009174311927 0.12445688689809642 0.04730275229357793
3 0.8035498320268758 0.876183486238532 0.12094064949608063 0.04805504587155973
1 0.5693505039193729 0.7983669724770642 0.09406494960806278 0.04442201834862392
1 0.6949272116461367 0.8790825688073395 0.09246360582306824 0.03809174311926604