2 0.17477157360406095 0.49254480286738345 0.3011844331641286 0.2831003584229391
2 0.4876649746192893 0.46874551971326167 0.30576988155668366 0.26109318996415765
2 0.7466835871404399 0.4714336917562724 0.21707275803722498 0.2536738351254481
2 0.9256683587140441 0.4556810035842294 0.12786802030456842 0.28105734767025087
0 0.3587140439932318 0.7082258064516129 0.6159052453468697 0.04623655913978487
1 0.11832487309644671 0.7396953405017921 0.14720812182741116 0.05288530465949819
1 0.12375634517766497 0.8122759856630825 0.12666666666666665 0.036720430107526895
1 0.11724196277495771 0.8832974910394266 0.1377834179357022 0.048207885304659456
1 0.11554991539763114 0.9603405017921147 0.13923857868020303 0.0435663082437275
4 0.2760406091370558 0.7389426523297491 0.16050761421319798 0.03598566308243735
4 0.27411167512690354 0.8149641577060932 0.17597292724196278 0.04978494623655909
4 0.27749576988155666 0.88252688172043 0.18274111675126903 0.05179211469534046
4 0.2796785109983079 0.9549641577060932 0.1822504230118443 0.037939068100358554
3 0.45516074450084604 0.7413620071684588 0.18516074450084608 0.043405017921147
3 0.4474280879864636 0.8124014336917562 0.1600169204737733 0.04465949820788523
3 0.4525042301184433 0.8856093189964158 0.1653299492385787 0.03745519713261645
3 0.4581895093062606 0.959820788530466 0.1887817258883249 0.052795698924731245
0 0.32209813874788495 0.779641577060932 0.5344500846023689 0.04057347670250894
0 0.3026395939086295 0.8496415770609319 0.494077834179357 0.050017921146953345
0 0.32729272419627753 0.9165770609318997 0.5530626057529611 0.0430824372759857